[
    2175643,
    2174555,
    2173939,
    2172015,
    2171784,
    2171779,
    2171241,
    2171043,
    2168558,
    2166957,
    2164824,
    2163738,
    2163725,
    2163652,
    2162998,
    2162492,
    2161886,
    2161255,
    2160810,
    2160778,
    2160542,
    2160258,
    2159822,
    2159195,
    2158903,
    2158739,
    2158715,
    2158301,
    2157298,
    2156987,
    2156486,
    2155476,
    2154795,
    2154605,
    2154012,
    2153847,
    2153596,
    2153276,
    2153033,
    2152956,
    2152793,
    2152426,
    2150723,
    2150692,
    2149988,
    2149944,
    2149088,
    2149038,
    2148981,
    2148500,
    2148378,
    2148034,
    2147719,
    2145082,
    2143713,
    2143131,
    2142615,
    2142286,
    2142281,
    2141274,
    2140968,
    2140940,
    2140865,
    2140741,
    2140664,
    2139940,
    2136698,
    2136694,
    2135939,
    2135921,
    2135917,
    2134374,
    2133432,
    2130599,
    2128781,
    2128376,
    2128229,
    2127133,
    2127097,
    2121431,
    2117972,
    2117390,
    2117352,
    2117187,
    2116400,
    2116095,
    2116090,
    2113364,
    2112008,
    2111697,
    2109858,
    2109450,
    2109419,
    2108874,
    2108855,
    2106654,
    2106333,
    2106222,
    2105751,
    2101280,
    2101043,
    2100382,
    2100357,
    2099307,
    2097997,
    2097674,
    2097588,
    2096984,
    2095751,
    2095507,
    2095067,
    2094896,
    2094791,
    2094617,
    2093690,
    2093234,
    2092950,
    2092907,
    2092685,
    2092202,
    2091979,
    2091922,
    2091744,
    2089567,
    2089434,
    2089387,
    2088101,
    2087925,
    2087661,
    2086962,
    2085450,
    2085346,
    2085261,
    2084721,
    2084027,
    2083961,
    2083855,
    2083666,
    2083390,
    2083156,
    2081064,
    2080453,
    2078991,
    2077281,
    2077215,
    2077198,
    2076924,
    2076361,
    2075593,
    2074445,
    2074323,
    2074105,
    2073289,
    2072360,
    2072171,
    2070347,
    2069897,
    2069741,
    2068684,
    2066308,
    2065964,
    2064552,
    2064482,
    2063888,
    2063497,
    2063374,
    2063138,
    2062479,
    2060952,
    2059063,
    2058638,
    2058620,
    2058423,
    2057129,
    2056810,
    2056469,
    2056122,
    2055950,
    2055194,
    2055192,
    2053693,
    2053311,
    2052769,
    2052743,
    2052489,
    2051664,
    2051397,
    2051236,
    2050846,
    2050251,
    2050205,
    2049690,
    2049098,
    2048242,
    2047098,
    2046910,
    2046906,
    2046121,
    2046902,
    2044957,
    2043232,
    2042681,
    2042497,
    2042496,
    2042349,
    2042284,
    2042118,
    2041468,
    2040730,
    2040675,
    2040580,
    2040277,
    2040076,
    2039290,
    2038759,
    2038741,
    2038276,
    2038057,
    2037873,
    2037453,
    2037440,
    2036988,
    2036836,
    2036008,
    2035901,
    2035895,
    2035768,
    2035451,
    2033997,
    2033795,
    2033773,
    2032966,
    2033757,
    2032184,
    2032181,
    2032086,
    2031908,
    2031757,
    2032076,
    2031574,
    2030064,
    2029927,
    2029330,
    2029063,
    2028723,
    2028411,
    2028104,
    2028066,
    2028060,
    2026954,
    2026821,
    2026557,
    2026546,
    2026439,
    2026030,
    2026007,
    2026006,
    2025989,
    2025811,
    2025476,
    2025229,
    2023909,
    2023003,
    2022681,
    2022668,
    2022532,
    2022478,
    2021808,
    2021455,
    2021442,
    2021289,
    2020854,
    2020829,
    2020637,
    2020601,
    2019894,
    2018855,
    2018735,
    2018143,
    2018131,
    2018135,
    2017285,
    2016044,
    2015926,
    2015770,
    2015447,
    2015232,
    2015037,
    2015036,
    2015032,
    2013418,
    2012834,
    2012636,
    2012414,
    2012250,
    2012189,
    2012036,
    2011764,
    2011732,
    2011326,
    2010687,
    2010106,
    2009811,
    2009772,
    2009716,
    2009552,
    2009526,
    2009488,
    2009291,
    2008894,
    2008860,
    2008761,
    2008658,
    2008493,
    2008478,
    2008421,
    2008224,
    2008181,
    2007635,
    2007634,
    2007284,
    2007077,
    2007034,
    2006228,
    2005966,
    2005783,
    2005451,
    2005318,
    2005209,
    2005187,
    2005101,
    2004936,
    2004616,
    2004445,
    2004236,
    2004020,
    2003706,
    2003306,
    2003295,
    2003242,
    2003252,
    2003197,
    2003191,
    2003153,
    2002380,
    2002292,
    2002145,
    2001990,
    2001966,
    2001914,
    2001948,
    2001682,
    2001479,
    2001267,
    2001147,
    2000668,
    2000539,
    2000077,
    1999526,
    1998438,
    1998408,
    1998141,
    1997663,
    1997587,
    1997530,
    1997076,
    1997524,
    1996956,
    1996857,
    1996383,
    1996325,
    1996075,
    1995865,
    1995823,
    1995542,
    1995484,
    1995144,
    1995049,
    1994887,
    1994548,
    1994339,
    1994318,
    1993879,
    1993732,
    1992989,
    1992848,
    1992399,
    1992259,
    1992183,
    1991910,
    1991749,
    1991485,
    1991426,
    1991314,
    1991092,
    1990674,
    1990672,
    1990604,
    1990410,
    1990404,
    1990400,
    1990352,
    1990250,
    1990209,
    1990172,
    1989888,
    1989516,
    1989321,
    1989095,
    1989063,
    1988709,
    1988571,
    1988242,
    1988107,
    1988051,
    1987764,
    1987643,
    1987591,
    1987251,
    1987181,
    1987106,
    1986847,
    1986799,
    1986378,
    1986122,
    1986030,
    1985914,
    1985627,
    1985606,
    1985495,
    1985489,
    1985144,
    1985140,
    1984508,
    1984394,
    1984114,
    1984094,
    1984071,
    1983946,
    1983917,
    1983828,
    1983678,
    1983671,
    1983756,
    1983349,
    1983203,
    1983183,
    1983081,
    1982772,
    1982751,
    1982932,
    1982700,
    1982299,
    1982793,
    1982710,
    1982018,
    1981731,
    1981680,
    1982010,
    1981654,
    1981645,
    1981019,
    1980840,
    1980794,
    1980779,
    1980743,
    1980724,
    1980685,
    1980601,
    1980412,
    1980081,
    1980040,
    1979927,
    1979899,
    1979887,
    1979708,
    1979574,
    1979516,
    1979390,
    1979375,
    1979156,
    1978951,
    1978804,
    1978769,
    1978621,
    1978613,
    1978605,
    1978570,
    1978562,
    1978543,
    1978517,
    1978312,
    1978278,
    1978003,
    1977930,
    1977814,
    1977533,
    1977023,
    1976907,
    1976839,
    1976827,
    1976803,
    1976791,
    1976653,
    1976648,
    1976619,
    1976575,
    1975430,
    1975319,
    1975212,
    1974643,
    1974572,
    1974437,
    1974366,
    1974290,
    1974247,
    1974162,
    1974098,
    1973788,
    1973741,
    1973716,
    1973662,
    1973649,
    1973575,
    1973359,
    1973310,
    1973206,
    1973089,
    1973055,
    1973042,
    1972756,
    1972686,
    1972643,
    1972463,
    1972382,
    1972283,
    1972273,
    1972135,
    1971799,
    1971660,
    1971515,
    1971634,
    1971244,
    1971165,
    1971063,
    1971030,
    1970665,
    1970650,
    1970519,
    1970497,
    1970469,
    1970370,
    1970366,
    1970337,
    1970145,
    1970053,
    1969954,
    1969801,
    1969782,
    1969649,
    1969522,
    1969314,
    1969159,
    1968942,
    1968250,
    1968235,
    1968184,
    1968162,
    1967954,
    1967922,
    1967632,
    1967522,
    1967422,
    1967389,
    1967060,
    1967016,
    1966999,
    1966694,
    1966677,
    1966660,
    1966600,
    1966592,
    1966539,
    1966441,
    1966330,
    1966295,
    1966290,
    1966233,
    1965922,
    1965855,
    1965812,
    1965315,
    1965179,
    1965031,
    1964927,
    1964653,
    1964629,
    1964472,
    1964424,
    1963664,
    1963529,
    1963191,
    1963064,
    1963017,
    1962442,
    1962218,
    1961535,
    1961414,
    1961381,
    1961315,
    1961252,
    1961152,
    1961102,
    1960918,
    1960699,
    1960693,
    1960124,
    1960070,
    1959758,
    1959657,
    1959654,
    1959519,
    1959505,
    1958526,
    1957991,
    1957772,
    1957766,
    1957721,
    1957572,
    1957527,
    1957471,
    1957347,
    1957321,
    1957123,
    1956987,
    1956882,
    1956820,
    1956796,
    1955939,
    1955879,
    1955619,
    1954969,
    1954525,
    1954307,
    1954241,
    1953076,
    1952867,
    1951826,
    1950994,
    1949712,
    1949667,
    1949639,
    1949379,
    1949365,
    1948444,
    1947217,
    1946754,
    1946468,
    1946368,
    1946343,
    1945999,
    1945327,
    1945257,
    1945170,
    1944928,
    1944450,
    1944364,
    1944319,
    1944284,
    1944226,
    1944171,
    1944167,
    1944044,
    1943543,
    1943261,
    1943508,
    1943536,
    1943252,
    1943074,
    1942930,
    1942830,
    1942811,
    1942729,
    1942719,
    1942700,
    1942584,
    1942548,
    1942510,
    1942326,
    1942302,
    1942235,
    1942102,
    1942239,
    1942096,
    1942053,
    1942050,
    1942009,
    1941980,
    1941978,
    1941865,
    1941830,
    1941770,
    1941769,
    1941729,
    1941709,
    1941692,
    1941711,
    1941648,
    1941646,
    1941612,
    1941606,
    1941349,
    1941345,
    1941267,
    1941265,
    1941184,
    1941130,
    1941069,
    1941061,
    1941020,
    1940874,
    1940786,
    1940610,
    1940580,
    1940425,
    1940242,
    1940224,
    1939955,
    1939935,
    1939874,
    1939840,
    1939831,
    1939585,
    1939577,
    1939575,
    1939520,
    1939414,
    1939379,
    1939331,
    1939204,
    1939153,
    1939151,
    1939120,
    1939076,
    1938990,
    1938973,
    1938895,
    1938852,
    1938843,
    1938822,
    1938818,
    1938785,
    1938730,
    1938685,
    1938669,
    1938644,
    1938591,
    1938498,
    1938455,
    1938388,
    1938135,
    1938054,
    1937870,
    1937859,
    1937765,
    1937748,
    1937704,
    1937672,
    1937658,
    1937632,
    1937628,
    1937561,
    1937522,
    1937424,
    1937314,
    1937306,
    1937212,
    1936835,
    1936712,
    1936545,
    1936335,
    1936334,
    1936522,
    1936314,
    1936311,
    1936292,
    1936274,
    1936158,
    1935878,
    1935849,
    1935846,
    1935456,
    1935361,
    1935358,
    1935326,
    1935269,
    1935022,
    1935020,
    1935012,
    1934980,
    1934897,
    1934877,
    1934835,
    1934743,
    1934577,
    1934279,
    1934182,
    1934170,
    1934138,
    1934077,
    1934038,
    1933895,
    1934069,
    1934031,
    1933866,
    1934060,
    1933328,
    1933258,
    1933198,
    1933121,
    1933045,
    1933008,
    1932960,
    1932747,
    1933003,
    1932667,
    1932631,
    1932603,
    1932422,
    1932314,
    1932262,
    1931894,
    1931862,
    1931217,
    1930852,
    1930770,
    1930704,
    1930695,
    1930647,
    1930635,
    1930582,
    1930527,
    1930313,
    1930292,
    1930255,
    1930238,
    1930217,
    1930033,
    1929996,
    1929937,
    1929767,
    1929458,
    1929453,
    1929412,
    1929373,
    1929327,
    1929222,
    1928786,
    1928760,
    1928623,
    1928487,
    1928349,
    1928305,
    1928439,
    1928293,
    1928273,
    1928254,
    1927808,
    1927729,
    1927715,
    1927542,
    1927465,
    1927336,
    1927205,
    1927173,
    1926938,
    1926885,
    1926871,
    1926859,
    1926799,
    1926717,
    1926593,
    1926299,
    1926291,
    1926285,
    1926253,
    1926071,
    1926033,
    1925461,
    1925447,
    1925210,
    1925060,
    1925036,
    1924990,
    1924695,
    1924693,
    1924691,
    1924533,
    1924507,
    1924495,
    1924490,
    1924482,
    1924474,
    1924339,
    1924335,
    1924315,
    1924201,
    1924158,
    1924099,
    1924007,
    1923677,
    1923540,
    1923009,
    1922741,
    1922184,
    1922160,
    1922071,
    1921887,
    1921863,
    1921546,
    1921489,
    1921477,
    1921357,
    1921263,
    1921226,
    1921146,
    1921139,
    1920987,
    1920964,
    1920537,
    1920525,
    1920500,
    1920388,
    1920350,
    1920323,
    1920150,
    1920131,
    1920068,
    1920049,
    1920031,
    1919931,
    1919854,
    1919824,
    1919770,
    1919767,
    1919764,
    1919759,
    1919685,
    1919551,
    1919381,
    1919310,
    1919000,
    1918614,
    1918581,
    1918573,
    1918312,
    1918310,
    1918033,
    1917950,
    1917935,
    1917881,
    1917865,
    1917857,
    1917853,
    1917707,
    1917684,
    1917632,
    1917627,
    1917610,
    1917594,
    1917573,
    1917547,
    1917535,
    1917469,
    1917149,
    1917060,
    1916571,
    1916564,
    1916490,
    1916356,
    1916285,
    1916281,
    1916263,
    1916151,
    1916019,
    1915601,
    1915569,
    1915594,
    1915548,
    1915336,
    1915329,
    1915318,
    1915142,
    1915103,
    1915094,
    1915066,
    1915061,
    1915035,
    1914951,
    1914830,
    1914643,
    1914558,
    1914450,
    1914398,
    1914369,
    1914314,
    1914201,
    1914188,
    1914148,
    1914132,
    1914121,
    1914119,
    1914083,
    1914023,
    1914006,
    1913922,
    1913899,
    1913886,
    1913836,
    1913810,
    1913768,
    1913479,
    1913452,
    1913395,
    1913255,
    1913193,
    1913088,
    1913084,
    1913081,
    1913038,
    1912990,
    1912772,
    1912538,
    1912298,
    1912224,
    1912045,
    1421990,
    1421387,
    1421049,
    1421909,
    1421001,
    1420896,
    1420686,
    1420038,
    1418873,
    1418279,
    1417467,
    1417294,
    1417060,
    1417466,
    1416834,
    1416669,
    1416398,
    1416153,
    1415392,
    1415275,
    1910133,
    1910014,
    1909935,
    1909814,
    1909688,
    1909458,
    1909457,
    1909456,
    1909024,
    1908847,
    1908712,
    1908702,
    1908672,
    1908645,
    1908401,
    1908386,
    1908188,
    1908179,
    1908106,
    1907931,
    1907927,
    1907810,
    1907791,
    1907760,
    1907731,
    1907690,
    1907673,
    1907614,
    1907590,
    1907367,
    1907353,
    1907349,
    1907229,
    1907123,
    1907081,
    1907010,
    1906954,
    1906942,
    1906908,
    1906833,
    1906728,
    1906719,
    1906675,
    1906642,
    1906548,
    1906526,
    1906494,
    1906413,
    1906264,
    1906193,
    1906112,
    1905320,
    1905181,
    1905119,
    1905044,
    1905043,
    1904955,
    1904807,
    1904777,
    1904767,
    1904715,
    1904690,
    1904618,
    1904593,
    1904578,
    1904576,
    1904450,
    1904170,
    1904121,
    1903941,
    1903923,
    1903849,
    1903825,
    1903747,
    1903693,
    1903627,
    1903519,
    1903512,
    1903305,
    1903099,
    1902940,
    1902922,
    1902872,
    1902862,
    1902859,
    1902833,
    1902704,
    1902631,
    1902629,
    1902519,
    1901979,
    1901595,
    1901572,
    1901535,
    1901429,
    1901425,
    1901417,
    1901157,
    1901146,
    1900985,
    1900965,
    1900891,
    1900888,
    1900853,
    1900841,
    1900815,
    1900749,
    1900702,
    1900670,
    1900595,
    1900571,
    1900492,
    1900392,
    1900379,
    1900373,
    1900269,
    1899966,
    1899829,
    1899737,
    1899633,
    1899370,
    1899012,
    1898839,
    1898724,
    1898658,
    1898627,
    1898460,
    1898351,
    1898276,
    1898216,
    1898204,
    1898194,
    1898145,
    1898138,
    1898094,
    1898039,
    1897949,
    1897854,
    1897711,
    1897709,
    1897661,
    1897639,
    1897569,
    1897523,
    1897508,
    1897468,
    1897433,
    1897405,
    1897395,
    1897394,
    1897390,
    1897372,
    1897370,
    1897324,
    1897318,
    1897310,
    1897307,
    1897221,
    1897191,
    1897175,
    1897115,
    1897108,
    1897086,
    1896918,
    1896904,
    1896658,
    1896657,
    1896589,
    1896577,
    1896557,
    1896325,
    1895280,
    1895235,
    1895126,
    1894795,
    1894755,
    1894671,
    1894575,
    1894458,
    1894448,
    1894211,
    1894012,
    1893439,
    1893293,
    1892609,
    1892483,
    1892473,
    1892583,
    1892401,
    1892335,
    1891695,
    1891377,
    1891255,
    1890973,
    1890956,
    1890866,
    1890732,
    1890661,
    1890632,
    1890612,
    1890609,
    1890542,
    1890282,
    1889959,
    1889953,
    1889929,
    1889910,
    1889602,
    1889508,
    1889440,
    1889411,
    1889395,
    1889255,
    1889041,
    1888996,
    1888873,
    1888750,
    1888686,
    1888406,
    1888638,
    1888317,
    1888256,
    1887983,
    1887884,
    1887856,
    1887761,
    1887759,
    1887758,
    1887607,
    1887453,
    1887373,
    1887336,
    1887330,
    1887204,
    1887146,
    1886959,
    1886776,
    1886598,
    1886574,
    1886567,
    1886532,
    1886442,
    1886437,
    1886380,
    1886307,
    1886078,
    1885832,
    1885795,
    1885689,
    1885621,
    1885533,
    1885498,
    1885495,
    1885446,
    1885437,
    1885315,
    1885281,
    1885273,
    1885117,
    1885080,
    1884958,
    1884931,
    1884876,
    1884766,
    1884760,
    1884719,
    1884630,
    1884568,
    1884558,
    1884497,
    1884551,
    1884427,
    1884416,
    1884409,
    1884396,
    1882821,
    1882712,
    1882684,
    1882619,
    1882533,
    1882504,
    1882469,
    1882448,
    1882391,
    1882337,
    1882336,
    1881723,
    1881705,
    1881656,
    1881602,
    1881507,
    1881478,
    1881409,
    1881354,
    1881265,
    1881182,
    1881076,
    1880985,
    1880917,
    1880907,
    1880905,
    1880772,
    1880748,
    1880690,
    1880651,
    1880626,
    1880462,
    1880277,
    1880263,
    1879869,
    1879626,
    1879620,
    1879583,
    1879481,
    1879455,
    1879316,
    1879194,
    1879115,
    1879111,
    1878770,
    1878752,
    1878696,
    1878678,
    1878642,
    1878570,
    1878566,
    1878529,
    1878439,
    1878149,
    1878122,
    1878042,
    1877785,
    1877664,
    1876951,
    1876812,
    1876631,
    1876604,
    1876477,
    1876372,
    1875967,
    1875660,
    1875592,
    1875543,
    1875507,
    1875484,
    1875286,
    1875059,
    1875037,
    1874830,
    1874724,
    1874651,
    1873936,
    1873886,
    1873832,
    1873763,
    1873748,
    1873374,
    1873105,
    1873061,
    1872735,
    1872642,
    1872605,
    1872564,
    1872449,
    1872407,
    1872321,
    1872188,
    1872154,
    1872086,
    1872040,
    1872004,
    1871999,
    1871993,
    1871991,
    1871906,
    1871891,
    1871819,
    1871765,
    1871748,
    1871733,
    1871729,
    1871574,
    1871379,
    1871244,
    1870724,
    1870693,
    1870645,
    1870523,
    1870229,
    1870071,
    1870068,
    1869881,
    1870046,
    1869835,
    1869733,
    1869721,
    1869654,
    1869581,
    1869447,
    1868881,
    1868753,
    1868393,
    1868228,
    1868200,
    1868164,
    1868135,
    1867950,
    1867937,
    1868106,
    1867852,
    1867843,
    1867827,
    1867707,
    1867689,
    1867489,
    1867471,
    1867314,
    1867033,
    1866419,
    1866347,
    1866317,
    1866201,
    1865926,
    1865906,
    1865437,
    1865260,
    1865094,
    1865054,
    1865019,
    1864948,
    1864860,
    1864706,
    1864698,
    1864856,
    1864671,
    1864668,
    1864543,
    1864463,
    1864440,
    1864305,
    1864236,
    1863985,
    1863740,
    1863728,
    1863433,
    1862983,
    1862736,
    1862728,
    1862669,
    1862647,
    1862516,
    1862415,
    1862240,
    1862404,
    1859807,
    1859554,
    1859304,
    1859184,
    1859181,
    1859145,
    1859052,
    1858938,
    1858725,
    1858578,
    1858380,
    1858185,
    1858051,
    1857621,
    1857553,
    1857529,
    1857516,
    1857481,
    1857406,
    1857398,
    1857388,
    1857360,
    1857282,
    1857273,
    1857156,
    1857020,
    1856940,
    1856930,
    1856758,
    1856566,
    1856519,
    1856451,
    1856253,
    1856164,
    1856001,
    1855987,
    1855866,
    1855507,
    1855427,
    1855391,
    1855094,
    1854929,
    1854790,
    1854628,
    1854576,
    1854356,
    1854216,
    1854163,
    1854159,
    1854123,
    1854086,
    1854052,
    1853999,
    1853958,
    1853918,
    1853489,
    1853482,
    1853426,
    1853356,
    1853192,
    1853047,
    1853028,
    1852956,
    1852952,
    1852796,
    1852689,
    1852660,
    1852645,
    1852635,
    1852606,
    1852544,
    1852532,
    1852504,
    1852270,
    1852152,
    1852136,
    1852104,
    1852002,
    1851992,
    1851990,
    1851870,
    1851293,
    1851162,
    1850668,
    1850557,
    1850510,
    1850498,
    1850273,
    1850226,
    1850168,
    1850164,
    1850067,
    1850008,
    1849882,
    1849876,
    1849861,
    1847677,
    1847672,
    1846668,
    1846540,
    1846413,
    1846287,
    1846280,
    1846239,
    1846188,
    1846146,
    1846127,
    1845807,
    1845622,
    1845510,
    1845354,
    1840628,
    1840488,
    1839838,
    1839496,
    1839466,
    1839347,
    1839328,
    1839296,
    1839212,
    1839065,
    1838645,
    1838577,
    1838520,
    1838510,
    1838363,
    1838210,
    1838147,
    1837705,
    1837698,
    1837506,
    1837427,
    1837416,
    1837290,
    1837200,
    1836865,
    1837031,
    1836820,
    1836596,
    1836575,
    1836529,
    1836262,
    1836069,
    1834408,
    1834208,
    1834176,
    1833316,
    1833224,
    1833085,
    1833143,
    1832568,
    1832513,
    1832358,
    1832251,
    1831960,
    1831796,
    1831793,
    1831768,
    1831765,
    1831178,
    1831161,
    1831129,
    1830921,
    1830897,
    1830653,
    1830540,
    1830294,
    1830215,
    1829997,
    1829811,
    1829769,
    1829728,
    1829638,
    1829547,
    1829393,
    1829282,
    1829152,
    1829125,
    1827705,
    1827695,
    1827640,
    1827509,
    1827506,
    1827503,
    1827483,
    1827353,
    1827221,
    1827048,
    1826978,
    1826897,
    1826868,
    1826954,
    1826805,
    1826387,
    1826301,
    1826233,
    1826225,
    1826038,
    1826036,
    1826035,
    1825859,
    1825818,
    1825808,
    1825396,
    1825006,
    1824901,
    1824745,
    1824675,
    1824642,
    1824612,
    1824607,
    1824349,
    1823156,
    1822963,
    1822848,
    1822816,
    1822783,
    1822339,
    1822177,
    1821676,
    1821652,
    1821056,
    1820744,
    1820597,
    1820536,
    1820511,
    1820493,
    1820452,
    1819927,
    1819846,
    1819843,
    1819771,
    1819768,
    1819717,
    1819656,
    1819535,
    1819433,
    1819396,
    1819533,
    1819134,
    1818139,
    1817901,
    1817744,
    1817650,
    1817432,
    1817278,
    1817134,
    1817003,
    1816722,
    1816360,
    1816276,
    1816035,
    1815988,
    1815878,
    1815843,
    1815652,
    1815520,
    1815244,
    1814866,
    1814602,
    1813969,
    1813700,
    1813499,
    1813281,
    1812791,
    1812177,
    1812115,
    1811861,
    1811806,
    1811859,
    1811805,
    1811188,
    1811022,
    1810976,
    1811186,
    1810919,
    1810873,
    1810866,
    1810829,
    1810760,
    1810750,
    1810711,
    1810666,
    1810636,
    1810626,
    1810664,
    1810508,
    1810470,
    1810658,
    1810159,
    1810040,
    1810022,
    1810016,
    1809925,
    1809900,
    1809894,
    1809867,
    1809862,
    1809838,
    1809743,
    1809722,
    1809670,
    1809654,
    1809616,
    1809614,
    1809601,
    1809559,
    1809534,
    1809413,
    1809075,
    1808846,
    1808736,
    1808714,
    1808522,
    1808438,
    1808358,
    1807820,
    1807751,
    1807485,
    1807284,
    1807081,
    1806824,
    1806519,
    1806423,
    1806020,
    1805919,
    1805705,
    1805690,
    1804777,
    1804741,
    1804724,
    1804530,
    1803717,
    1803612,
    1803584,
    1803540,
    1803474,
    1803355,
    1802936,
    1802925,
    1802897,
    1802850,
    1802653,
    1802600,
    1802541,
    1802478,
    1801804,
    1801613,
    1801454,
    1801319,
    1801138,
    1801109,
    1800861,
    1800657,
    1800552,
    1800320,
    1800238,
    1800226,
    1799583,
    1799340,
    1799252,
    1798959,
    1797972,
    1797914,
    1797755,
    1797639,
    1797631,
    1797539,
    1797621,
    1797481,
    1797619,
    1797452,
    1797428,
    1797271,
    1797255,
    1797252,
    1797007
]